initial_pose_panda_tibia:
  translation: [1.5, 0.0, 0.0]
  rotation: [-0.9980263127792042, 0.0, 0.062797125733157, 0.0, -1.0, 0.0, 0.062797125733157, 0.0, 0.9980263127792042]
initial_pose_panda_femur:
  translation: [0.0, 0.0, 0.0]
  rotation: [1.0, 0.0, 0.0, 0.0, 1.0, 0.0, 0.0, 0.0, 1.0]
