initial_pose_panda_tibia:
  translation: [1.2, -0.6, 0.0]
  rotation: [-0.9980264826161972, 0.0, 0.06279713060417594, 0.0, -1.0000001699754129, 0.0, 0.06279713060417594, 0.0, 0.9980263126407842]
initial_pose_panda_femur:
  translation: [0.0, 0.0, 0.0]
  rotation: [1.0, 0.0, 0.0, 0.0, 1.0, 0.0, 0.0, 0.0, 1.0]
