poses:
  - translation: [0.0014946312855752542, 0.01188755767209937, -0.0032304232586594374]
    rotation: [0.9876253419179432, -0.13411994886211799, 0.08128974916119092, 0.12628311941775545, 0.987443242147362, 0.09491268243827064, -0.09299869758005927, -0.08347264734468452, 0.9921610551688083]
  - translation: [-0.007286544233003678, 0.0205646755875743, 0.003534248721464864]
    rotation: [0.9889551628088147, -0.14776230883630649, -0.011575233956842235, 0.14032118185790155, 0.9082773228384586, 0.39413483827163078, -0.04772475118629077, -0.39140593366065248, 0.9189797294932246]
  - translation: [-0.01288060512792999, 0.028315162411701179, 0.015710194678411575]
    rotation: [0.9941098969780998, -0.10602578862120756, -0.022450943798506777, 0.09205255505960418, 0.7167216880871927, 0.6912570787575658, -0.057199998576846048, -0.6892521700892179, 0.7222600682511204]
  - translation: [-0.018948704857674804, 0.03685211808387495, 0.035281657233487907]
    rotation: [0.9980807365409617, -0.059044689350323819, -0.01866997604111724, 0.03467360805367514, 0.28304432338128807, 0.9584798651542814, -0.05130871515047153, -0.9572876452044877, 0.28454837917031836]
