poses:
  - translation: [0.01062916859146723, 0.008007458192917538, 0.014510451847354209]
    rotation: [0.9911625907489847, -0.09839237235735632, 0.08896999360263142, 0.10539034199507345, 0.9913900485756066, -0.07770873438306801, -0.08055801955064615, 0.08639856854802698, 0.9929983347614081]
  - translation: [0.011095752347887067, 0.027379788996310857, 0.015651909537167005]
    rotation: [0.9904145897785432, -0.10658026641593878, 0.08786118121507435, 0.10243568421699188, 0.9934612258616655, 0.050415506626774467, -0.09265997492335757, -0.040932133100355257, 0.9948561149870154]
  - translation: [0.009802541225090056, 0.041267437308270888, 0.019385000359302477]
    rotation: [0.9900372219656076, -0.11212600887499967, 0.08517075352717132, 0.09888458143768378, 0.9842795913642803, 0.14634044409410464, -0.10024040441117893, -0.13646041241887436, 0.9855609657276175]
  - translation: [0.006782448498169669, 0.05681739967647624, 0.025340346246022259]
    rotation: [0.9897481390532638, -0.11772415741126413, 0.08086806540538356, 0.09295263334406574, 0.9608306128320465, 0.26108301629787719, -0.10843629095005544, -0.25088952988636656, 0.9619230814355132]
