poses:
  - translation: [-0.00798736257567928, 0.01565709641014712, 0.07642000993054421]
    rotation: [0.9905025921899385, -0.09894222162993717, 0.09547277959682647, 0.10649092983879853, 0.9912886946592513, -0.0775010045278518, -0.08697296549549097, 0.08693193095572206, 0.9924104708502577]
  - translation: [-0.06621725224400138, -0.00046089165733143034, 0.06923935152579361]
    rotation: [0.9096470523951518, -0.13158044512209239, -0.3939908965068665, 0.1150647045645307, 0.9912048079187747, -0.06536927812193025, 0.399126989606428, 0.014128525053135583, 0.9167867968876589]
  - translation: [-0.05294660095985021, 0.07005675038361004, 0.1100550545213281]
    rotation: [0.9011548804007284, -0.13547899238066919, -0.4117831032879653, 0.2748852191885017, 0.9130972148004718, 0.30115044843949775, 0.33519844540456636, -0.38457628495155529, 0.8600831839137553]
  - translation: [-0.01498475890067652, 0.059081988019640267, 0.12490175302140239]
    rotation: [0.8572319553885046, -0.3812154435302972, 0.3461620433767977, 0.28316176935901068, 0.9104671041822372, 0.3014449611048187, -0.4300846277586256, -0.16038839676239098, 0.8884271355320675]
  - translation: [-0.03295069856946392, 0.0955173708685415, 0.18469862812510366]
    rotation: [0.937274603983298, -0.28522832062810185, 0.20040239978509567, 0.13390489759894123, 0.8253770112105077, 0.5484726682016407, -0.32184747183560349, -0.48723464006255, 0.8117983803852705]
