poses:
  - translation: [0.00008064951734687575, 0.007658202865573005, -0.006990329818562693]
    rotation: [0.9906090725161528, -0.09781920474728477, 0.09552522510466588, 0.10539961439167273, 0.9913803304372572, -0.07782005980595255, -0.0870895328657526, 0.08715757915823574, 0.9923804561056716]
  - translation: [0.00008064951734676473, 0.007658202865572339, -0.006990329818563207]
    rotation: [0.9906090725161524, -0.09781920474728552, 0.09552522510466549, 0.10539961439167331, 0.9913803304372568, -0.07782005980595297, -0.08708953286575197, 0.08715757915823584, 0.9923804561056716]
  - translation: [0.00008064951734654269, 0.007658202865572755, -0.006990329818562929]
    rotation: [0.9906090725161523, -0.097819204747285, 0.09552522510466576, 0.10539961439167292, 0.991380330437257, -0.07782005980595275, -0.08708953286575227, 0.08715757915823598, 0.9923804561056715]
