poses:
  - translation: [-0.00248264340893789, 0.006073928995037503, 0.0000891251043571295]
    rotation: [0.9931705680736107, -0.08162256380816255, 0.0833665387893989, 0.08225475472999402, 0.9966026069123677, -0.004171237200290959, -0.0827428428122363, 0.011000044220593345, 0.9965102212172713]
  - translation: [-0.006186413906946631, -0.00001528092669667025, 0.0022943154622691588]
    rotation: [0.9701634149684708, -0.2349332256880498, 0.05991099836025576, 0.22179546198226483, 0.9597908586261016, 0.17207056907514513, -0.09792712239613911, -0.1536485833503793, 0.983261100386684]
  - translation: [-0.0016063417864954355, 0.0070535054168207049, 0.0030527033870079436]
    rotation: [0.9401769635130828, -0.3398718024985688, 0.023546446561917623, 0.31887510962796919, 0.9022132158611961, 0.2903962423743621, -0.11994140960931728, -0.26551548164235636, 0.9566167400109397]
  - translation: [-0.008494988497782186, 0.013620535439458459, 0.005639487043701652]
    rotation: [0.9720652905362818, -0.2341104935806065, -0.016773423325580434, 0.21667927932256804, 0.8676239818827486, 0.44752510094315037, -0.09021729793596654, -0.4386580705485411, 0.894114051055996]
  - translation: [-0.0115248810416676, 0.01593493206522356, 0.008438206102908214]
    rotation: [0.9803045594633583, -0.19370556730187039, -0.03848537243696752, 0.1804018885562656, 0.7990113356174254, 0.5736166351843283, -0.08036248689957487, -0.5692618367246468, 0.8182193055337894]
  - translation: [-0.01274867040299632, 0.020020962545385214, 0.011661210788982552]
    rotation: [0.9795938541904806, -0.19187937930487265, -0.05981792899972434, 0.17946432096010596, 0.701058678082234, 0.690151640864469, -0.09048999024515, -0.6868034898594847, 0.7211882749894543]
  - translation: [-0.01505905405098873, 0.020726379427768339, 0.016371847267750457]
    rotation: [0.9843792367275661, -0.15824655794258839, -0.07717217891816433, 0.1543064601743342, 0.5643888313031716, 0.8109591626270133, -0.08477638024898675, -0.8101995272768078, 0.5799911131666726]
  - translation: [-0.015270304591695206, 0.024204525395027544, 0.02320970018926833]
    rotation: [0.9821170672455515, -0.16963447491381407, -0.08167136062115962, 0.1334286532261411, 0.32108556264691226, 0.9376037840996456, -0.13282643081576454, -0.9317339783331025, 0.337977710650147]
  - translation: [-0.01280403273056685, 0.023861946098708066, 0.025189193896154276]
    rotation: [0.9667075031830131, -0.23723213163275937, -0.09590369654315458, 0.15643911236765069, 0.2513416079331482, 0.9551723405978634, -0.20249298114079412, -0.938375357648823, 0.280086202348772]
